1:7,8,5,5,9,5,4,7,6,6,2,9,2,9,3,6,5,2,8,4,6,3,7,1,1,5,6,2,1,7
2:4,5,5,9,2,9,1,4,4,6,6,4,8,7,1,3,8,4,9,9,3,3,9,3,1,2,9,5,8,1
3:3,3,9,4,4,7,4,4,3,6,1,5,6,5,4,4,6,7,9,9,8,4,3,3,7,5,5,8,2,7
4:6,3,1,2,8,7,9,2,5,3,1,9,9,5,5,5,3,9,9,8,6,7,6,5,9,3,5,6,3,7
5:3,4,4,3,2,4,8,8,7,8,9,5,1,2,6,6,7,3,3,7,7,7,1,5,6,6,8,2,8,4
6:1,5,5,8,2,7,2,7,4,8,2,9,2,7,1,2,6,6,3,4,5,9,8,7,4,7,2,1,4,2
7:1,1,4,6,7,5,5,9,4,5,2,7,1,2,2,1,2,4,8,1,8,2,4,7,3,8,5,5,3,8
8:7,7,6,8,8,7,7,8,2,9,4,4,8,6,9,5,3,7,8,8,6,5,2,2,8,6,7,3,3,2
9:9,7,7,8,9,5,2,2,5,3,7,3,2,3,8,8,7,1,2,3,9,8,5,9,7,8,6,8,4,2
10:6,6,9,1,1,3,6,1,9,1,2,5,7,7,4,2,8,9,4,8,1,5,7,3,5,2,5,1,2,8
11:8,5,5,1,3,3,7,7,8,3,2,8,2,1,3,4,8,8,4,5,5,3,5,7,3,6,6,9,4,4
12:7,9,3,2,7,2,5,7,6,2,6,5,2,4,2,2,6,4,1,6,2,2,9,7,9,6,2,5,3,5
13:4,8,9,8,5,3,2,1,2,5,6,5,8,8,4,5,7,5,7,5,4,4,8,6,3,1,8,3,2,1
14:1,8,8,7,5,8,7,3,3,4,8,6,9,4,3,6,8,1,4,6,6,1,3,8,5,9,4,8,7,2
15:3,8,7,3,2,5,8,3,2,2,6,7,5,1,9,7,6,3,9,5,1,8,2,3,2,3,2,4,9,2
16:5,3,1,3,6,7,1,3,1,1,1,4,9,7,5,1,8,9,1,1,4,7,7,7,9,3,2,5,5,4
17:1,9,5,7,3,8,4,9,9,6,5,4,4,1,7,7,2,6,3,8,3,2,1,3,1,4,5,4,5,8
18:8,8,2,3,4,5,1,8,7,9,4,2,4,4,6,8,8,3,6,7,7,7,3,4,6,3,2,6,3,1
19:4,3,1,7,1,4,2,4,7,9,3,2,7,4,6,3,5,8,1,8,9,4,9,8,8,9,8,3,9,3
20:4,8,9,9,1,9,1,9,8,2,4,1,5,4,3,1,2,9,4,6,5,1,6,8,4,3,8,3,3,6
21:8,2,7,7,4,5,5,1,1,6,6,7,9,2,4,4,6,6,2,3,4,3,1,8,2,4,7,4,2,5
22:5,7,3,9,2,9,1,3,9,3,3,9,6,1,7,6,8,6,2,7,5,3,3,8,2,3,2,2,1,8
23:7,4,9,6,8,6,1,6,5,2,6,2,6,7,4,9,8,4,9,4,5,5,4,3,6,1,3,8,3,8
24:2,4,2,3,3,1,7,5,2,7,1,9,2,5,9,4,4,2,9,5,7,7,9,6,6,7,9,3,5,9
25:3,1,4,6,4,6,8,4,1,9,2,3,7,6,8,1,9,2,2,7,8,7,9,9,5,4,8,8,7,5
26:8,9,3,6,2,3,1,8,4,7,6,2,5,7,5,1,1,9,3,3,3,2,9,3,5,1,9,3,4,4
27:4,2,8,7,5,2,1,9,5,3,6,2,3,1,3,4,1,1,9,9,6,3,9,1,1,2,8,2,8,8
28:8,6,1,8,5,8,2,9,3,9,5,7,6,2,5,6,2,5,1,8,7,3,6,2,9,3,2,2,1,2
29:5,5,7,4,9,4,3,1,3,3,1,3,6,9,1,5,4,6,2,6,7,9,7,7,7,8,1,5,7,5
30:2,4,1,1,2,5,5,4,6,4,5,3,1,9,5,6,9,3,9,6,4,9,8,1,7,9,8,9,6,2
31:6,2,8,9,8,9,9,9,4,6,2,7,3,5,4,9,7,5,3,5,7,4,4,9,4,3,1,6,7,4
32:5,9,3,9,5,9,7,3,9,2,1,5,3,4,7,2,5,6,2,3,5,8,9,4,4,2,4,6,3,4
33:8,5,1,9,8,7,9,3,5,6,6,7,2,3,8,7,4,7,3,9,9,5,6,6,6,1,7,6,8,6
34:2,3,8,1,8,1,9,1,5,7,9,8,4,4,9,2,3,6,9,2,2,3,5,2,5,4,5,2,6,1
35:7,3,3,2,1,3,7,9,8,3,6,3,6,4,3,2,7,7,2,2,9,7,4,3,4,1,3,7,9,1
36:4,2,1,5,2,2,7,2,9,6,7,1,4,5,5,2,7,6,2,1,5,6,2,2,2,3,1,8,3,3
37:2,2,1,8,1,6,6,9,5,1,2,3,6,9,8,7,9,6,5,5,8,8,4,5,3,6,7,2,2,4
38:1,5,5,5,1,2,6,6,2,3,7,1,6,2,5,8,2,2,5,2,9,6,3,2,8,1,8,9,2,3
39:3,4,5,9,3,7,6,1,6,1,9,2,9,8,9,6,1,8,6,8,4,5,6,6,8,2,1,4,2,8
40:9,4,3,4,4,1,4,2,9,1,5,8,5,1,5,5,1,4,6,6,2,9,5,9,6,6,3,7,2,3
41:8,9,7,8,9,4,4,3,7,1,4,8,6,3,5,8,9,4,7,1,2,1,4,7,9,9,3,1,5,5
42:5,1,1,9,3,7,8,9,1,7,7,5,6,7,2,5,6,8,3,9,2,9,4,5,9,9,2,1,7,6
43:3,1,7,8,8,5,1,2,5,4,1,6,3,9,9,7,4,1,6,9,4,7,3,5,4,1,2,2,9,9
44:8,6,8,4,3,4,2,8,9,5,5,1,6,4,4,7,1,8,6,9,1,2,7,2,5,1,3,7,7,9
45:8,4,7,5,3,2,2,1,2,6,9,9,3,2,4,4,7,5,5,9,3,6,9,7,9,6,7,7,8,1
46:1,5,6,3,3,8,6,7,4,4,2,8,9,7,1,8,5,2,6,5,2,9,7,9,1,9,6,7,1,8
47:3,1,8,5,4,7,6,2,1,3,1,5,8,3,7,3,2,3,6,2,5,9,5,9,1,8,8,2,2,7
48:5,8,8,7,3,3,8,5,2,3,1,5,7,6,9,4,9,9,8,9,7,2,1,8,4,9,1,2,5,9
49:7,5,6,9,2,2,5,4,2,6,5,5,1,5,5,6,5,8,1,1,1,1,6,3,2,1,7,5,9,1
50:6,3,7,3,9,5,3,3,2,6,2,6,1,1,6,2,1,3,7,1,2,3,6,6,5,5,8,5,4,8
51:1,5,5,4,6,6,1,4,4,3,4,4,6,8,1,8,6,2,7,2,4,4,5,1,4,6,4,5,1,8
52:5,7,1,8,8,7,2,9,3,9,3,8,3,4,3,8,1,9,9,8,4,9,7,3,5,6,3,3,3,6
53:9,7,8,5,8,6,3,7,9,5,9,2,5,8,4,4,2,1,7,1,7,8,3,4,2,2,7,8,9,4
54:3,3,1,8,8,3,6,5,5,5,1,2,7,9,8,7,3,1,8,6,1,8,8,8,6,4,1,6,3,9
55:3,4,3,6,7,2,9,8,4,7,8,2,4,9,3,2,6,5,6,3,1,4,4,7,3,6,1,4,7,4
56:2,1,2,5,4,8,2,2,9,7,2,4,4,9,9,1,1,6,2,4,1,4,8,9,2,6,5,8,5,2
57:4,8,2,2,6,8,3,4,6,9,7,4,3,9,3,3,4,9,5,1,5,7,4,1,3,3,6,9,5,7
58:6,3,1,5,8,4,3,8,2,5,7,5,4,8,7,6,3,8,2,1,8,3,3,6,9,4,7,8,5,6
59:7,7,7,2,2,3,4,8,5,7,8,6,4,1,3,6,7,1,9,1,1,3,7,2,4,4,5,6,8,2
60:1,6,3,4,4,5,4,1,5,8,4,5,9,5,4,6,9,9,2,2,3,6,7,5,1,6,1,4,7,5
61:7,7,5,2,8,6,5,4,2,7,8,3,9,4,9,8,5,8,6,5,6,3,2,6,3,9,8,5,9,4
62:1,2,2,9,3,9,2,2,7,4,2,2,1,4,8,7,2,1,7,4,4,2,4,2,9,4,2,7,3,1
63:5,8,2,9,6,8,8,4,9,1,5,8,2,4,2,7,8,4,1,2,4,9,7,3,4,7,9,3,7,4
64:3,6,7,9,9,5,2,7,7,9,6,5,6,9,2,9,6,6,7,3,1,3,2,6,3,9,4,7,6,6
65:2,5,5,6,5,1,4,1,5,4,6,6,1,2,3,7,4,2,3,8,7,4,9,3,4,8,4,1,2,9
66:8,4,2,2,4,5,2,2,5,4,6,3,5,6,4,1,4,5,3,7,7,2,6,5,4,1,5,8,6,8
67:2,3,2,6,9,7,2,2,2,5,1,9,6,7,8,9,3,1,8,1,6,7,4,7,3,7,3,6,7,8
68:3,8,2,9,9,5,7,6,8,9,3,5,1,7,8,7,4,1,5,9,1,5,5,3,6,5,3,6,4,4
69:3,1,5,1,2,3,6,9,9,3,7,4,7,8,6,1,7,2,4,8,5,6,3,2,9,7,4,2,1,2
70:1,8,2,8,9,4,1,3,7,1,5,7,2,1,9,3,3,7,9,7,7,2,8,8,4,5,9,4,1,9
71:4,7,4,9,5,2,4,3,8,6,3,6,7,8,9,1,4,7,9,3,9,6,8,6,3,2,9,6,4,7
72:2,1,1,1,5,4,4,3,9,4,2,7,5,5,4,2,7,8,4,7,8,6,1,2,7,8,6,4,6,9
73:5,2,4,8,1,9,8,8,1,3,3,6,2,3,5,8,2,2,4,9,7,4,1,3,2,6,2,6,9,1
74:1,3,2,2,7,8,1,1,3,9,7,5,3,3,8,8,6,5,2,1,1,4,3,6,2,6,2,5,7,3
75:5,4,7,8,9,8,9,7,7,8,5,1,4,3,5,5,2,3,5,3,3,1,9,2,7,7,6,5,1,5
76:7,3,3,2,1,9,4,8,4,1,9,2,7,7,2,8,9,8,3,5,3,3,6,1,4,2,1,3,1,8
77:7,4,7,4,7,7,9,4,8,2,8,9,5,2,8,2,5,1,5,5,6,2,6,9,1,6,9,5,2,2
78:3,8,3,2,7,3,4,7,2,5,2,3,7,9,8,7,1,4,8,6,7,3,3,6,3,6,2,3,9,6
79:6,2,4,4,1,3,1,7,9,9,3,1,1,1,7,1,2,2,5,8,8,3,2,9,6,1,4,4,1,1
80:1,5,4,3,7,9,8,2,6,5,9,2,2,6,7,5,5,4,8,9,1,6,4,9,2,8,8,4,4,4
81:7,2,4,1,4,4,6,3,1,6,6,9,6,7,4,7,7,5,1,8,2,8,5,9,2,1,4,8,3,7
82:9,2,2,1,4,9,3,9,2,8,4,7,3,2,6,5,7,3,6,8,4,3,5,1,2,3,7,7,1,5
83:8,6,9,4,8,1,1,4,7,1,7,2,1,5,4,2,5,9,9,3,4,4,6,5,8,8,1,2,6,6
84:8,1,3,5,7,7,6,1,5,4,9,2,5,4,5,8,8,5,7,9,1,6,1,5,9,7,9,9,6,1
85:3,3,6,4,8,2,1,6,4,6,5,2,6,2,3,9,9,7,6,8,6,6,3,5,6,8,8,3,4,2
86:5,3,4,4,9,5,6,3,8,7,2,7,8,7,6,8,9,5,9,6,1,3,2,8,9,1,2,8,4,1
87:9,7,6,4,2,7,4,8,7,6,1,5,1,6,9,6,1,2,4,8,1,5,9,2,4,1,8,3,6,4
88:8,1,4,1,6,3,1,7,8,1,9,6,1,1,4,4,4,5,4,4,4,4,3,4,2,3,3,2,3,1
89:8,4,6,2,4,2,4,4,4,7,5,8,6,7,6,2,8,7,5,4,3,3,7,8,8,8,5,6,3,2
90:3,3,6,5,3,2,4,9,4,3,9,4,2,8,7,6,8,5,2,3,9,8,1,1,8,5,5,5,7,9
91:9,3,6,6,1,3,3,4,6,3,6,6,1,4,1,1,7,1,9,1,9,9,2,9,1,4,5,5,2,6
92:2,8,7,8,4,2,5,6,6,6,4,2,1,9,8,4,6,7,2,3,7,1,3,7,2,2,7,5,7,3
93:2,1,4,5,1,6,5,9,4,4,2,3,2,4,4,4,7,2,2,2,6,1,7,8,6,7,5,8,9,5
94:3,3,4,3,6,8,7,6,3,4,7,9,1,6,4,8,6,7,4,1,5,2,9,1,1,8,6,6,1,6
95:9,8,2,8,1,4,7,5,6,5,6,2,3,2,7,9,3,8,6,6,5,1,6,5,2,2,7,1,5,1
96:7,7,8,1,1,5,4,9,1,4,9,3,1,1,8,2,2,8,4,2,5,3,5,7,7,1,9,6,3,6
97:6,7,6,6,2,1,3,6,9,8,3,3,4,1,3,8,3,5,6,3,8,8,9,9,5,1,9,6,5,2
98:1,8,3,9,8,6,4,1,4,7,1,4,9,5,1,4,2,8,8,3,7,3,5,6,5,4,7,1,3,9
99:9,3,3,8,8,5,1,3,4,8,2,2,5,3,4,7,2,4,5,4,7,4,7,7,5,1,5,2,9,4
100:8,1,7,6,3,8,3,5,6,2,7,6,2,7,9,6,8,9,2,8,8,5,2,6,5,8,8,1,5,8