1:3,6,6,2,3,6,8,8,3,6,4,9,5,9,9,4,3,7,2,7,4,5,7,8,5,9,9,8,6,6
2:5,6,9,8,6,7,1,3,3,6,1,6,6,3,1,4,8,9,2,7,4,9,4,2,1,9,4,2,4,8
3:7,3,1,4,1,6,3,4,2,7,4,8,3,4,4,5,6,5,4,7,9,4,6,3,7,8,3,7,9,1
4:6,3,2,3,4,4,4,9,8,1,9,7,6,8,7,6,3,2,7,6,4,3,6,6,3,8,7,2,2,4
5:9,7,3,4,9,6,3,2,7,4,2,5,4,7,7,1,8,7,7,3,9,9,5,6,5,2,7,1,2,5
6:4,3,7,5,3,1,5,7,1,8,2,3,9,3,7,5,8,8,7,2,4,5,9,4,2,4,1,2,5,6
7:3,6,3,5,1,6,5,6,7,2,2,2,4,1,3,5,6,7,4,1,4,8,5,4,4,8,3,7,1,5
8:7,2,7,2,1,3,7,2,3,4,2,4,4,9,6,1,3,4,6,6,9,2,3,7,2,2,2,7,2,9
9:7,1,8,9,3,4,5,2,8,3,9,6,8,1,6,6,4,4,1,9,3,3,6,5,7,3,7,6,5,1
10:3,5,7,1,5,4,9,4,3,3,3,2,2,2,3,2,9,9,5,9,4,1,7,6,5,6,2,3,5,5
11:5,1,2,7,9,9,1,4,4,9,5,7,6,3,1,9,3,4,9,1,5,6,7,1,4,2,7,7,8,2
12:8,4,3,5,9,4,8,5,6,9,5,4,2,5,4,6,5,2,5,1,4,5,1,4,3,2,1,8,2,6
13:6,6,4,9,7,5,4,6,8,5,2,5,9,2,8,9,5,4,9,1,5,3,8,8,3,4,6,8,8,8
14:4,6,6,3,8,3,2,2,3,7,8,6,2,6,9,1,5,9,1,8,9,7,7,5,1,4,1,4,3,5
15:3,6,3,9,8,3,5,5,7,2,1,5,8,2,7,7,4,9,1,5,6,8,5,7,4,5,8,5,3,5
16:2,5,9,2,5,9,4,3,3,1,4,8,8,6,1,2,8,8,6,7,8,6,7,2,6,1,4,5,6,9
17:2,8,5,7,4,2,2,5,3,4,4,9,2,2,7,5,8,6,3,3,1,5,4,5,1,2,8,4,5,7
18:7,4,3,5,8,2,5,7,7,3,7,7,2,4,8,5,3,3,2,8,6,5,5,7,7,7,7,1,3,2
19:5,7,4,4,2,7,3,6,7,8,7,5,8,6,7,7,6,9,3,6,4,6,9,8,1,5,9,4,7,7
20:9,6,4,1,8,9,9,4,7,4,9,9,7,3,1,6,8,9,5,4,3,3,3,4,6,9,9,3,1,5
21:5,9,8,7,2,2,7,6,9,2,4,7,7,1,6,8,9,5,2,7,8,1,8,2,2,6,3,6,4,4
22:6,3,1,9,2,6,5,2,7,1,9,1,9,7,8,5,1,3,4,1,5,3,6,6,3,8,1,1,3,9
23:2,6,6,1,4,4,3,7,3,5,6,8,2,2,3,6,7,9,1,3,6,7,2,9,8,1,6,4,9,3
24:7,8,8,9,3,4,5,2,8,3,9,6,8,1,6,6,4,4,1,9,3,3,6,5,7,3,7,6,5,4
25:3,1,7,4,7,1,7,7,9,6,9,7,9,4,6,3,8,2,9,2,1,4,8,9,8,9,2,9,6,2
26:5,7,3,9,3,9,9,9,3,8,2,3,6,1,6,8,8,3,9,3,8,5,9,2,2,8,4,3,3,2
27:2,4,6,1,5,7,7,2,2,4,4,9,3,4,7,2,1,8,7,6,5,8,6,2,7,6,3,6,8,3
28:3,5,1,6,9,6,2,7,8,7,1,8,9,5,3,6,7,8,8,5,8,7,1,8,8,7,8,5,5,2
29:7,4,3,5,8,2,5,7,7,3,7,7,2,4,8,5,3,3,2,8,6,5,5,7,7,7,7,1,3,9
30:4,2,8,9,7,2,9,4,4,3,1,4,1,2,6,1,2,7,5,5,1,5,1,1,5,8,3,9,4,9
31:2,6,9,7,9,4,7,4,3,4,6,3,7,4,2,8,4,2,8,1,5,1,1,7,7,4,8,4,4,9
32:3,6,7,5,9,6,6,6,7,8,6,9,6,3,1,1,8,8,9,8,8,9,7,4,9,5,3,3,1,3
33:6,3,5,8,7,6,5,5,3,4,7,4,3,2,3,6,9,1,3,5,6,5,5,6,5,7,9,4,1,4
34:2,3,8,8,3,7,2,5,4,3,7,2,6,9,8,2,3,5,1,6,5,9,3,9,1,6,1,8,3,4
35:2,4,6,7,5,7,7,2,2,4,4,9,3,4,7,2,1,8,7,6,5,8,6,2,7,6,3,6,8,8
36:3,6,3,9,8,7,5,5,7,2,1,5,8,2,7,7,4,9,1,5,6,8,5,7,4,5,8,5,3,1
37:5,5,9,3,7,5,5,6,9,4,9,7,8,7,5,1,1,7,5,9,5,6,4,2,7,1,4,7,2,3
38:4,1,6,5,2,4,5,7,1,8,3,4,8,1,8,5,4,6,8,2,7,2,1,5,9,3,4,5,5,6
39:3,6,6,2,3,6,8,8,3,6,4,9,5,9,9,4,3,7,2,7,4,5,7,8,5,9,9,8,6,7
40:9,6,9,7,5,6,5,3,6,6,8,8,3,4,7,1,7,1,4,1,7,6,9,1,5,2,9,2,3,6
41:9,5,1,6,9,1,9,6,8,7,4,3,8,8,2,2,4,2,4,3,9,9,2,5,1,3,7,3,8,2
42:3,5,7,1,2,4,9,4,3,3,3,2,2,2,3,2,9,9,5,9,4,1,7,6,5,6,2,3,5,8
43:2,6,9,7,9,4,5,4,3,4,6,3,7,4,2,8,4,2,8,1,5,1,1,7,7,4,8,4,4,9
44:9,6,4,5,3,7,1,1,1,2,2,8,5,9,2,7,5,3,9,5,5,9,3,9,7,1,8,9,2,1
45:6,2,2,6,5,6,7,5,8,4,9,6,3,2,8,7,7,3,8,7,4,1,4,1,6,1,9,7,1,6
46:6,6,4,9,7,5,4,6,8,5,2,5,9,2,8,9,5,4,9,1,5,3,8,8,3,4,6,8,8,6
47:8,9,1,6,4,1,4,4,9,6,2,7,9,6,9,2,6,8,4,9,7,6,9,3,3,4,3,6,8,4
48:4,3,7,5,8,1,5,7,1,8,2,3,9,3,7,5,8,8,7,2,4,5,9,4,2,4,1,2,5,3
49:5,6,2,4,8,3,1,7,4,6,7,6,6,5,2,2,1,1,6,2,4,8,6,3,9,3,7,1,7,7
50:8,9,8,3,8,2,4,7,7,1,4,8,6,3,7,7,6,7,4,9,1,7,6,5,7,1,1,7,9,3
51:4,8,9,1,1,4,5,6,9,2,7,3,1,9,3,1,8,9,3,8,2,5,9,9,1,4,8,3,7,7
52:2,1,3,4,9,1,5,5,6,7,7,5,8,7,2,2,9,5,2,6,2,4,4,1,2,7,2,5,9,8
53:5,4,3,2,1,7,2,3,9,3,9,3,5,3,5,1,6,7,2,7,5,8,6,8,6,2,3,1,4,7
54:4,6,6,3,8,3,2,2,3,7,8,6,2,6,9,1,5,9,1,8,9,7,7,5,9,4,1,4,3,7
55:9,6,9,7,5,6,5,3,6,6,8,8,3,4,7,1,7,1,4,1,7,6,9,1,5,2,4,2,3,2
56:7,4,3,5,8,2,5,7,7,3,7,7,2,4,8,5,3,4,2,8,6,5,5,7,7,7,7,1,3,2
57:9,6,4,1,8,9,9,4,7,4,9,9,7,3,1,6,8,9,5,4,3,3,3,4,6,9,9,9,1,5
58:8,4,3,5,9,4,8,5,6,9,5,4,2,5,4,6,5,2,5,1,4,9,1,4,3,2,1,8,2,5
59:7,2,7,2,1,3,7,2,3,4,2,4,4,9,6,1,3,4,6,6,9,2,3,7,2,2,2,7,2,3
60:6,3,5,8,7,6,5,5,3,4,7,4,3,2,3,6,9,1,3,5,6,5,5,6,5,7,9,4,1,7
61:3,9,4,5,2,9,7,9,6,1,4,6,7,2,5,4,9,8,3,2,6,2,3,8,3,5,4,2,8,2
62:6,3,5,8,7,6,5,5,3,4,7,4,3,2,3,6,9,1,3,5,6,5,5,9,5,7,9,4,1,7
63:7,6,9,8,2,8,4,6,6,8,7,7,9,9,3,1,9,2,3,2,3,9,2,7,5,8,9,6,8,1
64:5,7,2,4,2,7,3,6,7,8,7,5,8,6,7,7,6,9,3,6,4,6,9,8,1,5,9,4,7,7
65:8,9,8,3,8,2,4,7,7,1,4,8,6,3,7,7,6,7,4,9,1,7,6,5,7,1,1,7,9,3
66:4,5,2,1,3,8,1,9,4,5,9,7,7,6,1,8,3,2,9,3,1,9,2,5,1,3,2,2,6,3
67:7,6,9,8,2,8,4,6,6,8,7,7,9,9,3,1,9,2,3,2,3,9,2,7,5,8,9,6,8,8
68:3,5,1,6,9,6,2,7,8,7,1,8,9,5,3,6,7,8,6,5,8,7,1,8,8,7,8,5,5,9
69:6,9,6,6,3,5,1,4,7,7,3,7,9,3,9,1,3,8,6,9,5,7,7,6,1,5,5,2,5,5
70:7,9,8,2,5,7,2,5,8,6,8,9,5,7,1,1,1,9,3,2,7,8,7,1,9,3,7,7,2,3
71:7,7,4,2,6,2,5,1,2,2,9,4,8,4,1,3,8,9,4,5,2,9,2,8,3,2,9,6,5,6
72:1,7,3,5,3,9,6,7,6,6,1,3,9,7,7,8,2,8,4,9,6,4,6,6,2,7,2,5,7,4
73:6,6,4,8,5,4,3,4,1,3,8,4,6,5,2,2,6,6,8,9,5,3,7,1,3,1,7,3,8,1
74:4,1,7,2,4,8,1,4,4,9,5,4,5,6,9,5,6,5,2,4,5,1,2,8,9,6,2,4,8,1
75:1,9,8,7,8,4,3,8,6,3,3,5,5,9,5,8,7,7,3,9,1,4,2,8,5,8,2,4,6,1
76:7,5,1,8,5,9,4,5,8,3,6,5,9,4,6,3,1,8,9,7,4,7,1,9,9,8,8,7,8,3
77:2,2,1,9,8,9,8,4,8,9,6,3,9,5,9,7,5,5,1,8,1,1,4,8,6,6,8,3,8,4
78:4,4,6,4,3,8,4,1,3,4,7,2,1,9,9,7,6,7,2,1,1,9,1,2,9,2,3,4,2,7
79:8,5,3,6,6,4,5,9,3,9,5,2,1,8,1,9,3,1,5,4,7,3,1,8,9,1,4,5,9,6
80:3,6,6,6,1,7,7,3,5,5,9,9,3,8,6,3,7,3,3,2,9,2,7,2,2,1,7,8,6,3
81:9,4,7,7,9,8,2,1,6,4,4,5,7,9,1,8,8,4,3,3,7,8,6,3,5,5,9,1,5,5
82:1,2,8,6,4,8,7,6,5,6,2,4,6,7,7,3,2,7,9,6,4,2,1,4,6,4,9,4,2,5
83:6,8,2,8,7,5,4,8,9,4,5,7,1,1,1,4,8,2,6,6,7,6,4,7,7,1,8,7,2,9
84:6,6,4,8,5,4,3,4,1,3,8,4,6,5,2,2,6,6,8,9,5,3,7,1,3,1,7,3,8,6
85:5,3,9,5,4,7,8,3,9,9,2,5,9,5,7,1,7,6,6,9,2,5,6,9,8,2,7,1,1,1
86:1,3,6,1,9,1,3,4,1,8,6,1,3,5,1,1,8,1,7,7,2,8,1,5,5,6,8,7,4,5
87:3,5,1,6,9,6,2,7,8,7,1,8,9,5,3,6,7,8,6,5,8,7,1,8,8,7,8,5,5,2
88:1,2,5,5,7,7,2,4,5,9,4,2,1,6,1,2,1,6,8,4,5,5,9,7,3,9,1,7,4,8
89:8,4,1,6,4,6,5,1,8,5,4,7,6,4,5,2,6,1,7,6,5,9,9,6,3,6,6,4,5,3
90:2,5,7,1,2,5,6,7,6,1,6,1,4,6,2,7,4,5,7,7,9,6,8,5,8,5,6,5,8,2
91:6,1,2,1,9,8,1,6,1,4,6,9,6,1,3,2,1,2,2,6,5,3,7,4,1,7,2,9,7,9
92:3,2,8,1,8,1,7,9,9,8,7,5,4,5,9,3,8,8,1,7,7,4,4,5,5,4,2,7,3,6
93:5,9,8,2,5,8,3,2,9,2,8,2,5,9,5,6,5,8,8,1,3,6,7,3,6,1,7,6,4,4
94:3,6,3,9,8,3,5,5,7,2,1,5,8,2,7,7,4,9,1,5,6,8,5,7,4,5,8,5,3,1
95:7,6,1,1,7,9,1,6,1,3,2,7,5,2,2,9,3,8,8,1,9,4,8,5,3,3,9,3,5,3
96:8,3,4,9,3,5,9,6,1,7,8,7,9,7,6,2,2,5,9,7,1,7,6,9,8,2,6,6,4,2
97:4,1,6,6,6,1,6,9,1,6,5,5,1,8,3,7,2,9,9,3,4,7,3,9,5,6,4,6,5,8
98:6,5,5,5,4,1,4,2,2,5,3,4,9,7,7,6,3,6,4,4,4,8,9,8,6,2,3,5,9,1
99:5,6,4,5,7,5,8,6,5,1,6,4,9,7,4,8,7,3,4,1,6,9,4,4,3,6,4,5,5,2
100:3,6,9,7,8,8,3,9,3,1,5,5,9,1,8,6,6,1,3,4,9,4,8,3,2,8,3,5,5,9
101:5,9,8,7,2,2,7,6,9,5,4,7,7,1,6,8,9,5,2,7,8,1,8,2,2,6,3,6,4,4
102:2,4,6,1,5,7,7,2,2,4,4,9,3,4,7,2,1,8,7,6,5,8,6,2,7,6,3,6,8,8
103:6,5,3,1,9,4,6,4,2,9,1,4,4,6,7,2,4,6,4,1,6,8,3,2,8,3,2,1,1,7
104:2,8,8,6,2,8,9,4,6,1,7,2,5,9,9,1,8,8,7,2,9,9,5,9,9,4,2,2,2,4
105:3,5,7,1,2,4,9,4,3,3,3,2,2,2,3,2,9,9,5,9,4,1,7,6,5,6,2,3,5,5
106:8,3,1,5,6,4,7,9,9,9,3,5,6,7,8,8,1,2,5,7,7,9,7,3,9,6,2,5,1,9
107:4,2,6,1,5,1,2,8,9,9,3,9,5,7,1,7,9,1,2,4,2,9,5,1,1,2,6,6,8,8
108:1,7,4,6,7,8,9,5,1,5,5,1,1,9,2,1,8,6,3,6,9,2,1,8,3,6,1,8,5,5
109:9,6,4,5,3,7,1,1,1,2,2,8,5,9,2,7,5,2,9,5,5,9,3,9,7,1,8,9,2,5
110:3,2,1,4,1,9,4,5,4,4,6,4,7,6,8,6,3,8,7,7,5,7,8,4,3,9,3,9,5,2
111:3,4,2,1,6,1,3,6,2,4,1,3,7,2,8,5,4,3,8,3,5,6,4,8,3,3,1,9,5,3
112:5,4,3,2,1,7,2,5,9,3,9,3,5,3,5,1,6,7,2,7,5,8,6,8,6,2,3,1,4,8
113:7,3,3,2,5,5,5,6,9,5,7,4,8,4,6,3,8,4,5,9,7,6,6,2,3,4,9,3,3,3
114:9,4,7,7,9,8,2,1,6,4,4,5,7,9,1,8,8,4,3,3,7,8,6,3,5,5,7,1,5,5
115:7,1,3,9,3,1,8,3,6,7,3,9,9,6,5,1,4,8,8,5,5,3,7,9,2,7,5,7,2,2
116:2,1,3,4,9,1,5,5,6,7,7,5,8,7,2,2,9,5,2,6,2,4,7,1,2,7,2,5,9,8
117:2,6,6,1,4,4,3,7,3,5,6,8,2,2,3,6,7,6,1,3,6,7,2,9,8,1,6,4,9,3
118:3,2,8,1,8,1,7,9,9,5,7,5,4,5,9,3,8,8,1,7,7,4,4,5,5,4,2,7,3,6
119:5,4,3,2,1,7,2,3,9,3,9,3,5,3,5,1,6,7,2,7,5,8,6,8,6,2,3,1,4,8
120:3,7,4,5,7,5,6,4,2,5,3,9,6,7,9,9,1,9,9,5,7,1,2,1,2,4,8,9,9,5
121:2,6,2,4,4,8,1,9,1,5,7,7,4,9,4,4,6,3,6,2,8,9,6,1,1,7,1,3,8,1
122:7,1,8,9,3,4,5,2,8,3,9,6,8,1,6,6,4,4,1,9,3,3,6,5,7,3,7,6,5,4
123:5,3,9,9,4,7,8,3,9,9,2,5,9,5,7,1,7,6,6,9,2,5,6,9,8,2,7,1,1,1
124:2,6,9,9,7,5,1,4,3,9,1,3,4,5,4,1,5,1,2,3,3,8,6,3,2,3,2,5,8,8
125:4,1,7,2,4,8,1,4,4,9,5,4,5,6,9,7,6,5,2,4,5,1,2,8,9,6,2,4,8,1
126:3,9,4,5,2,9,7,9,6,1,4,6,7,2,5,4,9,8,3,2,6,2,3,8,3,5,4,2,8,7
127:9,6,9,7,5,6,5,3,6,6,8,8,3,4,7,1,7,1,4,1,7,6,9,1,5,2,4,2,3,6
128:9,5,7,7,1,3,8,4,6,6,1,7,3,4,8,4,5,3,4,1,9,9,7,8,3,4,4,6,8,4
129:9,4,3,5,4,8,2,6,8,5,5,4,3,3,1,5,2,1,2,1,1,1,9,6,3,5,7,6,8,3
130:3,6,6,2,3,6,8,8,3,6,4,9,5,9,9,4,3,7,2,7,4,5,7,8,5,9,6,8,6,7
131:2,6,6,1,4,4,3,7,3,5,6,8,2,2,3,6,7,9,1,3,6,7,2,9,8,1,6,4,9,5
132:7,6,2,1,8,2,2,4,3,9,4,8,2,9,9,3,4,9,6,5,4,7,3,4,7,1,8,4,5,3
133:4,9,4,3,4,5,6,7,4,9,6,4,9,4,4,1,3,9,9,1,5,8,9,7,3,8,5,8,1,5
134:7,9,9,8,2,8,4,6,6,8,7,7,9,9,3,1,9,2,3,2,3,9,2,7,5,8,9,6,8,8
135:8,5,6,4,6,1,7,3,7,1,7,5,6,8,3,3,3,8,2,3,6,3,7,4,2,7,8,2,2,7
136:1,7,5,6,9,8,3,2,4,5,6,9,2,8,4,6,2,1,5,7,7,6,1,9,1,6,8,1,2,3
137:9,7,9,7,2,9,4,7,5,9,1,1,4,2,4,8,8,1,6,2,4,2,2,9,5,5,1,5,1,7
138:2,8,7,6,6,6,1,8,5,2,2,4,3,8,7,8,2,1,7,7,6,8,5,4,1,8,1,7,1,5
139:8,1,9,5,5,9,8,1,9,9,5,1,3,3,6,6,9,9,5,8,7,6,8,5,7,4,7,1,5,3
140:6,5,3,1,9,4,5,4,2,9,1,4,4,6,7,2,4,6,4,1,6,8,3,2,8,3,2,1,1,7
141:8,4,1,3,3,4,1,4,7,6,3,2,3,6,2,7,3,3,6,2,9,2,5,1,2,8,4,2,3,4
142:4,6,6,3,8,3,2,2,3,7,8,6,2,6,9,1,5,9,1,8,9,7,7,5,9,4,1,4,3,5
143:7,4,8,8,3,4,2,1,2,4,9,6,5,5,8,5,3,4,5,7,4,5,3,1,2,7,5,8,2,4
144:1,1,1,8,5,6,1,4,5,3,4,1,7,8,8,8,9,2,5,4,1,8,8,5,3,4,5,1,2,8
145:7,2,8,8,7,8,2,3,1,4,8,7,1,3,5,8,8,8,3,5,8,9,1,3,8,4,9,2,3,5
146:6,3,1,9,2,6,5,2,7,1,9,1,9,7,8,5,1,3,3,1,5,3,6,6,3,8,1,1,3,9
147:7,1,9,3,1,5,2,9,1,2,2,6,6,4,6,9,8,3,2,5,5,8,7,6,2,8,6,9,5,3
148:8,1,6,6,8,5,7,7,4,2,1,2,9,8,5,1,3,6,5,6,1,3,6,8,6,3,3,2,6,5
149:9,9,1,4,3,4,8,7,8,5,4,8,3,5,1,3,8,3,2,8,8,9,5,8,5,4,3,6,9,4
150:9,5,5,3,8,3,1,9,7,5,6,8,4,2,9,6,8,8,9,6,1,4,4,9,7,6,3,8,2,3
151:1,7,4,9,9,5,9,4,4,2,3,3,9,2,3,3,9,4,1,9,9,9,9,7,2,5,9,3,8,8
152:7,7,4,2,6,2,5,1,2,2,9,4,8,4,1,3,8,9,4,5,2,9,9,8,3,2,9,6,5,3
153:1,7,6,3,9,2,4,2,3,5,9,2,9,8,4,5,5,7,2,5,6,7,2,7,4,9,5,3,3,8
154:4,2,8,5,7,2,9,4,4,3,1,4,1,2,6,1,2,7,5,5,1,5,1,1,5,8,3,9,4,9
155:9,6,4,5,3,7,1,1,1,2,2,8,5,9,2,7,5,2,9,5,5,9,3,9,7,1,8,9,2,1
156:3,6,3,4,3,4,3,6,5,6,9,4,2,8,8,9,9,6,6,4,3,5,8,5,6,6,1,1,3,1
157:1,3,3,5,9,3,8,1,9,8,5,1,5,7,8,1,1,3,8,7,7,5,1,7,8,6,3,3,6,4
158:4,3,7,5,8,1,5,7,1,8,2,3,9,3,7,5,8,8,7,2,4,5,9,4,2,4,1,2,5,6
159:8,9,8,4,6,8,7,4,3,5,8,9,9,1,7,3,8,5,1,2,7,6,6,1,7,9,4,2,1,8
160:2,9,5,6,7,8,6,9,7,7,2,2,9,5,3,3,8,1,8,1,9,1,8,5,1,1,8,8,4,2
161:5,4,2,9,3,3,4,3,7,8,6,1,2,8,3,1,3,8,2,8,3,7,5,6,2,8,9,6,6,9
162:8,9,3,6,7,3,2,7,5,9,4,9,5,7,1,7,9,7,7,3,1,1,1,3,2,6,1,2,9,9
163:1,7,3,5,2,9,6,7,6,6,1,3,9,7,7,8,2,8,4,9,6,4,6,6,2,7,2,5,7,4
164:4,3,2,6,4,6,4,3,2,5,2,6,3,4,6,4,8,4,6,3,9,8,9,1,8,6,2,8,3,2
165:8,8,8,1,1,8,7,6,1,9,7,1,3,6,7,3,5,7,7,8,7,8,1,6,3,3,8,1,6,7
166:6,9,6,8,5,3,3,8,9,2,7,4,7,1,5,8,7,2,1,6,2,8,2,3,6,7,6,8,5,4
167:7,5,6,6,5,3,3,8,7,8,8,6,1,4,1,2,2,2,2,4,2,3,7,6,2,3,7,9,3,1
168:7,5,6,6,5,3,3,8,7,8,8,6,9,4,1,2,2,2,2,4,2,3,7,6,2,3,7,9,3,5
169:1,7,4,1,4,3,7,7,4,6,6,8,2,2,6,2,2,3,3,9,4,2,2,9,6,7,5,6,8,2
170:7,5,6,5,4,7,1,8,5,3,2,7,9,7,3,4,9,3,3,3,7,1,1,5,3,5,1,3,5,9
171:7,6,5,4,7,5,4,7,8,9,3,4,2,1,8,7,8,2,2,7,9,3,8,2,2,6,2,4,6,6
172:5,4,7,2,5,6,2,7,2,5,8,9,4,3,1,3,2,2,7,2,1,7,7,2,3,9,3,6,8,4
173:8,8,8,9,4,6,5,6,3,8,6,1,6,5,4,9,6,7,9,8,6,9,7,4,3,3,8,5,3,7
174:3,4,7,6,9,8,6,8,9,3,3,9,8,2,5,8,9,4,2,9,7,3,2,7,5,2,3,9,1,9
175:7,2,5,3,4,1,4,4,7,8,8,9,2,5,3,8,1,6,9,1,9,1,6,3,2,4,2,6,9,2
176:8,9,8,3,8,2,4,4,7,1,4,8,6,3,7,7,6,7,4,9,1,7,6,5,7,1,1,7,9,3
177:7,3,1,4,1,6,3,4,2,7,4,8,3,4,4,5,6,5,4,7,9,4,6,3,7,8,3,7,9,3
178:3,8,8,3,7,6,6,4,4,7,1,8,3,2,7,1,9,2,4,2,2,6,7,7,1,3,3,1,2,8
179:1,4,3,4,5,5,2,7,5,4,9,4,8,2,6,5,9,6,6,6,6,5,1,1,2,1,6,9,5,7
180:2,4,9,6,5,9,2,6,2,3,9,3,4,8,4,1,9,3,3,9,5,4,3,2,5,9,1,2,4,7
181:7,1,9,3,9,5,2,9,1,2,2,6,6,4,6,9,8,3,2,5,5,8,7,6,2,8,6,9,5,7
182:5,5,9,3,7,5,5,6,9,4,9,7,8,7,5,1,1,7,5,9,5,6,4,2,7,1,4,7,2,2
183:7,9,8,2,5,7,2,5,8,6,8,9,5,7,1,1,1,6,3,2,7,8,7,1,9,3,7,7,2,1
184:1,9,8,9,9,9,9,4,6,3,6,6,8,4,6,6,3,4,1,3,3,7,5,4,1,4,1,8,9,3
185:6,2,9,9,3,3,6,5,2,2,1,9,1,3,9,4,2,8,9,6,5,7,8,7,8,8,5,4,7,5
186:5,8,3,6,9,5,2,3,4,8,6,3,8,3,2,6,5,5,2,1,7,5,1,8,5,5,2,8,4,2
187:7,6,2,1,8,2,2,4,3,9,4,8,2,9,9,3,4,9,6,5,4,7,3,4,7,9,8,4,5,3
188:6,6,4,8,5,4,3,4,1,3,8,4,6,5,2,2,6,6,8,9,5,3,7,1,3,1,7,1,8,6
189:2,9,8,6,3,9,3,2,3,6,4,2,9,9,5,8,6,7,7,7,3,4,2,6,8,3,5,9,2,6
190:5,3,6,6,7,8,2,1,6,5,8,8,8,4,2,4,5,9,5,9,4,3,6,1,1,1,7,3,9,4
191:3,2,2,8,3,8,7,2,8,4,2,1,9,7,6,2,1,4,4,6,7,7,2,1,7,2,5,8,6,6
192:2,7,9,2,9,6,9,7,1,4,5,2,1,3,3,6,9,9,6,1,6,8,3,9,4,5,7,7,5,8
193:5,7,4,9,6,8,8,4,5,1,9,7,4,3,8,8,9,9,8,1,7,3,4,9,1,5,5,5,3,8
194:7,1,9,3,1,5,2,9,1,2,2,6,6,4,6,9,8,3,2,5,5,8,7,6,2,8,6,9,5,7
195:6,3,1,9,2,6,5,2,7,1,9,1,9,7,8,5,1,3,3,1,5,3,6,6,3,8,1,1,3,9
196:3,6,3,5,1,6,5,6,7,2,2,2,4,1,3,5,6,7,4,1,4,8,5,4,4,8,3,7,1,8
197:7,3,4,5,5,7,5,2,4,8,2,1,4,3,7,1,2,9,4,4,6,8,3,3,4,2,8,4,9,8
198:5,7,2,2,8,6,8,8,1,9,7,3,5,1,4,4,4,1,3,5,5,2,2,8,4,2,5,2,8,1
199:8,8,8,9,4,6,5,5,3,8,6,1,6,5,4,9,6,7,9,8,6,9,7,4,3,3,8,5,3,7
200:2,4,2,1,8,5,5,3,2,2,5,8,5,8,3,8,6,2,3,8,1,4,6,1,3,9,6,9,9,6
201:9,6,4,1,8,9,9,4,7,4,9,9,7,3,1,6,8,9,5,4,3,3,3,4,6,9,9,9,1,8
202:6,6,5,8,7,9,1,6,4,4,3,3,2,7,1,6,6,2,8,2,9,2,7,8,3,8,3,2,7,4
203:5,9,8,2,5,8,3,2,9,2,8,2,5,9,5,6,5,8,8,1,3,6,7,3,6,1,7,6,4,2
204:8,9,1,6,4,1,4,4,9,6,2,1,9,6,9,2,6,8,4,9,7,6,9,3,3,4,3,6,8,4
205:6,2,2,6,5,6,7,5,8,4,9,6,3,2,8,7,7,3,8,7,4,1,4,1,6,1,9,7,7,9
206:3,7,4,5,7,9,6,4,2,5,3,9,6,7,9,9,1,9,9,5,7,1,2,1,2,4,8,9,9,5
207:2,1,9,5,5,9,8,1,9,9,5,1,3,3,6,6,9,9,5,8,7,6,8,5,7,4,7,1,5,9
208:1,2,8,6,4,8,7,6,5,6,2,4,6,7,7,3,2,7,9,6,4,6,1,4,6,4,9,4,2,5
209:7,6,5,4,7,9,4,7,8,9,3,4,2,1,8,7,8,2,2,7,9,3,8,2,2,6,2,4,6,2
210:3,6,2,2,8,8,6,8,5,2,5,9,7,8,6,4,8,5,2,2,1,6,5,4,1,1,8,3,6,5
211:8,1,4,9,7,5,3,6,3,4,4,1,2,8,9,7,8,2,8,6,8,9,9,1,9,2,8,6,3,9
212:4,8,9,1,1,4,8,6,9,2,7,3,1,9,3,1,8,9,3,8,2,5,9,9,1,4,8,3,7,6
213:5,5,1,8,6,3,1,3,3,7,2,5,6,1,1,6,9,3,1,5,6,1,5,2,8,4,6,9,9,2
214:3,8,1,3,7,3,2,8,7,7,7,7,1,5,5,5,9,8,7,1,7,5,2,9,6,9,4,1,8,1
215:7,5,2,3,5,9,4,7,1,3,4,2,7,7,5,8,2,3,1,5,2,8,5,7,5,2,4,3,4,8
216:9,4,7,7,9,8,2,1,6,4,4,5,7,9,1,8,8,4,3,3,7,8,6,3,5,5,9,1,5,6
217:9,6,3,4,1,1,3,1,6,5,5,7,2,7,6,1,9,8,6,2,3,2,6,8,9,9,5,1,4,7
218:5,3,5,4,9,5,9,7,1,6,1,9,2,3,2,2,1,5,2,5,3,9,1,3,3,2,8,5,6,5
219:6,6,7,2,1,2,7,8,3,8,2,5,9,8,7,5,5,7,3,6,8,3,1,6,7,7,1,4,8,9
220:9,7,9,7,2,9,4,7,5,9,1,1,4,2,4,8,8,1,6,2,4,2,2,9,5,5,1,5,1,2
221:5,4,7,2,5,6,2,7,2,5,8,7,4,3,1,3,2,2,7,2,1,7,7,2,3,9,3,6,8,4
222:8,2,6,7,4,9,5,7,5,1,3,2,4,5,9,7,6,6,3,5,7,9,6,5,2,3,5,2,8,6
223:1,3,9,5,5,3,1,9,4,1,9,9,6,8,8,9,6,9,5,4,3,5,3,5,5,1,7,7,2,5
224:1,2,4,6,4,9,5,1,7,2,3,1,9,9,4,9,8,9,5,5,5,3,4,6,2,7,3,4,2,2
225:3,2,2,6,9,4,9,5,6,9,9,3,8,9,3,7,9,6,5,9,4,4,5,4,3,5,5,5,7,5
226:3,6,1,3,4,2,2,3,6,1,8,7,3,1,7,1,1,3,8,2,4,1,8,2,8,8,7,7,6,3
227:6,3,7,7,3,8,4,8,8,8,6,9,7,3,2,7,3,7,2,9,4,8,1,6,4,4,4,2,1,8
228:2,3,7,1,9,1,4,2,6,3,4,1,8,7,8,1,2,5,7,1,8,5,7,4,4,1,5,7,2,6
229:4,8,9,1,1,4,5,6,9,2,7,3,1,9,3,1,8,9,3,8,2,5,9,9,1,4,8,3,7,6
230:5,9,8,2,2,6,5,6,8,7,2,9,9,9,5,6,8,5,8,7,5,7,4,8,1,7,9,8,6,1
231:3,5,7,9,2,6,7,6,9,4,3,1,4,7,8,7,2,2,2,6,5,3,2,9,3,5,5,6,9,6
232:8,5,6,6,2,8,4,5,6,6,1,4,6,4,1,7,2,4,1,3,2,1,1,1,3,7,6,6,6,8
233:4,4,8,3,2,9,9,4,7,9,8,4,1,4,8,7,2,5,1,8,2,3,8,4,4,8,1,8,7,7
234:4,7,5,3,2,9,5,2,9,5,3,9,1,5,9,6,7,6,9,4,8,9,4,7,6,7,2,3,9,4
235:1,6,9,8,7,2,1,6,4,7,5,7,4,8,7,6,4,6,2,5,9,5,6,3,5,6,7,5,1,3
236:7,5,6,6,5,3,3,8,7,8,8,6,1,4,1,2,2,2,2,4,2,3,7,6,2,3,7,9,3,5
237:8,5,9,2,8,5,5,7,2,1,8,5,9,1,4,1,8,3,2,4,7,4,8,1,9,3,3,3,5,1
238:2,1,2,6,8,7,8,3,5,8,3,8,2,3,7,2,5,3,2,3,5,4,3,8,2,1,3,1,7,8
239:3,9,5,6,7,8,6,9,7,7,2,2,9,5,3,3,8,1,8,1,9,1,8,5,1,1,8,8,4,2
240:8,9,1,7,7,8,4,3,3,9,3,6,2,1,9,6,7,5,9,4,5,9,5,5,3,8,1,1,2,8
241:9,3,5,3,6,1,2,9,6,8,7,2,4,2,5,6,6,7,2,7,6,1,3,2,7,7,7,7,6,4
242:2,7,7,3,6,6,9,1,3,2,6,5,7,2,6,2,2,4,7,5,9,3,4,7,3,4,1,5,1,4
243:8,4,8,5,3,2,6,3,7,8,7,6,5,7,8,4,4,2,5,1,8,3,4,2,4,7,3,1,8,2
244:2,8,8,6,2,8,9,4,6,1,7,2,5,9,9,1,8,8,7,2,9,9,5,9,9,4,2,2,2,4
245:6,7,9,2,4,3,9,7,6,1,5,9,6,5,4,4,6,9,2,5,9,2,7,7,6,8,1,6,2,5
246:5,8,9,4,5,1,9,3,5,7,2,8,9,4,4,5,7,1,1,1,2,7,6,8,6,9,1,4,1,5
247:4,5,8,9,4,8,7,4,8,6,3,2,7,8,7,9,9,5,5,9,4,6,3,2,1,5,4,1,3,5
248:4,5,8,9,4,8,7,4,8,6,3,2,7,8,7,9,9,5,5,9,4,6,3,2,1,5,4,1,3,5
249:3,9,4,5,2,9,7,9,6,1,4,5,7,2,5,4,9,8,3,2,6,2,3,8,3,5,4,2,8,7
250:5,4,7,2,5,6,2,7,2,5,8,9,4,3,1,3,2,2,7,2,1,7,7,2,3,9,3,6,8,5
251:6,5,3,1,9,4,6,4,2,9,1,4,4,6,7,2,4,6,4,1,6,8,3,2,8,3,2,1,1,7
252:4,9,6,7,1,9,2,6,7,7,7,7,4,2,8,3,9,4,1,7,3,4,9,7,4,4,4,2,8,6
253:7,6,5,4,7,9,4,7,8,9,3,4,2,1,8,7,8,2,2,7,9,3,8,2,2,6,2,4,6,6
254:1,7,6,2,3,2,4,4,4,7,7,1,4,7,5,6,8,2,3,1,1,1,5,5,2,3,1,9,1,5
255:2,8,8,6,2,8,9,4,6,1,7,2,5,9,9,1,8,8,7,2,9,9,5,9,9,4,2,2,2,4
256:2,1,8,7,1,5,6,3,6,5,6,7,7,2,1,2,7,9,4,2,1,2,5,7,4,6,2,6,4,1
257:6,9,1,5,5,5,9,2,4,2,9,2,1,8,8,1,1,9,5,1,9,3,3,4,7,2,9,8,9,4
258:3,2,2,8,3,8,7,2,8,4,2,1,9,7,6,2,1,4,4,6,7,6,2,1,7,2,5,8,6,6
259:4,1,6,6,6,1,6,9,1,6,5,5,1,8,3,7,2,9,9,3,4,7,3,9,5,6,4,6,5,6
260:5,8,8,9,6,4,2,8,6,1,2,9,4,4,4,1,8,9,2,4,1,3,8,7,2,4,2,1,1,9
261:3,8,1,3,7,3,2,8,7,7,7,7,1,5,5,5,9,8,7,1,7,5,2,9,6,9,4,1,8,6
262:4,8,2,2,1,4,4,1,8,3,9,2,1,5,2,4,4,2,8,9,6,9,4,2,6,4,8,9,5,7
263:3,2,2,6,9,8,9,5,6,9,9,3,8,9,3,7,9,6,5,9,4,4,5,4,3,5,5,5,7,9
264:8,1,5,2,3,3,7,1,1,8,3,5,3,7,7,3,7,5,4,6,4,2,6,6,8,8,6,9,2,5
265:1,2,5,4,5,1,4,4,5,7,2,2,4,7,6,8,5,4,2,5,3,3,6,6,3,2,7,3,8,5
266:6,3,7,7,3,8,4,8,8,8,6,9,7,3,2,7,3,7,2,9,4,8,1,6,4,4,4,2,1,9
267:7,3,4,5,5,5,5,2,4,8,2,1,4,3,7,1,2,9,4,4,6,8,3,3,4,2,8,4,9,8
268:1,7,5,3,6,6,9,6,4,8,1,4,8,4,9,5,7,8,6,6,4,6,7,4,3,3,1,2,1,9
269:3,6,1,3,4,2,2,3,6,1,8,6,3,1,7,1,1,3,8,2,4,1,8,2,8,8,7,7,6,3
270:8,1,6,5,8,6,7,4,3,9,4,4,2,8,3,9,8,8,6,4,8,9,4,5,1,9,1,3,8,4
271:8,9,1,5,7,7,5,3,4,1,4,7,9,6,5,9,9,8,7,2,4,2,4,9,2,5,4,6,9,1
272:7,2,7,2,7,5,5,2,4,7,4,5,5,2,1,1,7,3,6,7,8,7,3,8,3,1,2,3,7,1
273:9,2,7,2,1,9,2,6,7,2,9,3,5,1,8,2,6,6,2,8,8,9,4,5,8,8,2,2,1,5
274:9,4,1,3,3,5,1,8,2,3,2,1,2,1,8,9,3,1,4,6,6,8,3,2,7,3,7,8,3,5
275:1,1,8,4,3,6,4,4,3,9,2,8,4,3,1,8,6,8,7,4,5,8,4,3,6,9,1,9,9,1
276:8,7,5,9,3,9,9,3,1,6,6,4,5,5,8,9,1,2,7,2,7,2,9,8,3,2,5,5,5,6
277:4,5,2,1,3,8,1,9,4,5,9,7,7,6,1,8,3,2,9,3,1,9,2,5,8,3,2,2,6,5
278:6,8,8,8,1,6,3,9,1,3,5,1,3,5,3,9,9,6,6,7,9,3,9,2,4,7,5,9,9,2
279:4,4,8,1,6,1,8,7,5,1,3,5,5,7,2,9,6,4,2,1,9,3,5,9,5,7,8,6,8,1
280:7,1,3,9,3,1,8,3,6,7,3,9,9,6,5,1,4,8,8,5,5,3,7,9,2,7,5,7,2,2
281:3,5,3,3,9,8,6,5,9,1,6,6,4,6,6,5,4,2,1,8,5,9,4,5,5,6,4,5,8,1
282:9,1,1,9,8,7,8,5,4,2,8,7,3,2,2,7,2,1,3,7,8,6,8,9,4,9,8,1,1,9
283:7,5,2,3,5,9,4,7,1,3,4,2,7,7,5,8,2,3,1,5,2,8,5,7,5,2,4,3,4,9
284:3,7,7,7,3,3,1,1,1,5,4,9,7,4,1,6,6,8,4,1,1,1,2,1,2,4,5,9,3,1
285:4,9,6,6,6,1,6,9,1,6,5,5,1,8,3,7,2,9,9,3,4,7,3,9,5,6,4,6,5,8
286:6,3,7,7,3,8,4,8,8,8,6,9,7,3,3,7,3,7,2,9,4,8,1,6,4,4,4,2,1,9
287:5,3,9,5,4,7,8,3,9,9,2,5,9,5,7,1,7,6,6,9,2,5,6,9,8,2,7,1,1,8
288:9,3,5,3,6,1,2,9,6,8,7,2,4,2,5,6,6,7,2,7,6,1,3,2,4,7,7,7,6,4
289:4,4,8,1,6,1,8,7,5,1,3,5,5,7,2,9,6,4,2,1,9,3,5,9,5,7,8,6,8,2
290:4,4,1,1,7,3,4,9,9,8,4,8,3,3,8,3,5,8,3,3,6,2,5,8,4,5,5,3,5,7
291:7,2,7,2,7,5,5,2,4,7,4,5,5,2,1,1,7,3,6,7,8,7,3,8,8,1,2,3,7,5
292:9,1,9,7,2,9,4,7,5,9,1,1,4,2,4,8,8,1,6,2,4,2,2,9,5,5,1,5,1,7
293:1,1,1,8,5,6,5,4,5,3,4,1,7,8,8,8,9,2,5,4,1,8,8,5,3,4,5,1,2,8
294:2,4,2,1,8,5,5,3,2,2,5,2,5,8,3,8,6,2,3,8,1,4,6,1,3,9,6,9,9,4
295:3,5,3,3,9,8,6,5,9,1,6,6,4,6,6,5,4,2,1,8,3,9,4,5,5,6,4,5,8,5
296:9,6,5,1,2,5,8,6,6,3,9,4,7,2,4,1,1,6,5,5,5,8,8,3,4,5,5,4,1,5
297:3,6,7,5,9,6,6,6,7,8,6,9,6,3,1,1,8,8,9,8,8,9,7,4,9,5,3,3,1,6
298:5,6,3,8,3,7,3,8,2,3,4,6,1,3,3,3,3,1,3,9,6,1,8,1,7,9,7,9,9,9
299:7,4,8,8,3,4,2,1,2,4,9,6,5,5,8,5,3,4,5,7,4,5,3,1,2,7,5,8,2,4
300:1,8,8,7,9,8,7,8,2,7,8,5,5,2,2,4,8,2,4,5,5,1,5,6,6,1,2,6,2,3
301:6,5,5,9,4,1,4,2,2,5,3,4,9,7,7,6,3,6,4,4,4,8,9,8,6,2,3,5,9,1
302:7,1,3,9,3,1,8,3,6,7,3,9,9,6,5,1,4,8,8,5,5,3,7,9,2,7,5,7,2,3
303:1,6,9,8,7,2,1,6,4,7,5,7,4,8,7,6,4,6,2,5,9,5,6,3,5,5,7,5,1,2
304:7,2,7,2,7,5,5,2,4,7,4,5,5,2,1,1,7,3,6,7,8,7,3,8,8,1,2,3,7,1
305:8,7,9,7,9,8,6,3,3,9,7,7,2,2,1,8,3,4,4,3,3,5,8,7,5,7,2,8,2,5
306:9,5,6,1,5,7,1,3,8,4,7,5,5,7,3,6,9,4,2,4,7,9,2,2,4,6,4,2,5,3
307:3,5,4,1,8,8,5,8,7,4,9,3,6,4,9,9,9,6,2,7,8,2,6,2,8,3,1,9,4,4
308:6,3,1,4,8,5,4,8,8,3,8,7,3,3,5,3,7,9,2,5,4,8,9,6,2,8,7,8,7,7
309:6,3,2,8,4,9,6,7,3,7,4,5,9,6,1,9,6,9,7,8,8,2,2,4,5,9,5,9,6,3
310:5,8,5,8,9,3,1,1,3,1,4,7,9,2,9,8,1,8,7,5,8,6,9,6,4,5,1,7,5,8
311:4,1,7,2,4,8,1,4,4,9,5,4,5,6,9,5,6,5,2,4,5,1,2,8,9,6,2,4,8,1
312:3,4,1,1,6,1,3,6,2,4,1,3,7,2,8,5,4,3,8,3,5,6,4,8,3,3,1,9,5,7
313:3,1,7,4,7,1,7,7,9,6,9,7,9,4,6,3,8,2,9,2,1,4,8,9,8,9,2,9,5,2
314:6,3,8,1,6,5,9,3,3,1,9,3,6,2,6,4,1,6,4,3,4,2,6,1,5,6,3,4,6,3
315:5,5,9,4,4,3,7,7,8,2,3,3,4,4,4,5,6,1,1,1,9,2,6,7,5,1,7,3,1,5
316:9,2,5,2,5,4,6,5,5,5,6,1,6,4,5,9,5,7,2,8,8,6,3,5,3,7,3,6,5,3
317:4,4,9,6,5,7,2,4,8,8,3,4,9,9,8,5,9,7,6,9,5,2,1,1,5,5,4,3,4,9
318:9,5,1,6,9,1,9,6,8,7,4,3,8,8,2,2,4,2,4,3,9,9,2,5,1,6,7,3,8,8
319:8,1,9,5,9,1,5,4,3,3,4,8,1,5,4,6,4,6,8,4,1,6,8,3,8,6,7,3,8,3
320:4,8,2,8,1,4,3,3,8,8,2,7,2,3,9,8,7,2,4,6,7,5,2,3,4,1,6,9,9,7
321:6,2,3,8,3,1,3,5,2,2,4,1,9,8,7,4,3,9,3,5,2,8,7,5,6,5,5,5,2,9
322:7,7,5,6,9,6,7,6,7,2,8,2,4,7,7,5,1,8,9,5,7,2,9,8,4,3,3,6,1,9
323:6,1,2,1,9,8,1,6,1,4,6,9,6,1,5,2,1,2,2,6,5,3,7,4,1,7,2,9,7,9
324:4,1,6,5,2,4,5,7,1,8,3,4,8,1,8,5,4,6,8,2,7,2,1,5,9,3,4,5,5,4
325:5,9,8,7,2,2,7,6,9,2,4,7,7,1,6,8,9,5,2,7,8,1,8,2,2,6,3,6,4,3
326:5,6,7,6,3,9,8,4,4,6,4,3,4,6,1,2,6,7,6,8,5,5,5,7,8,8,7,2,4,3
327:8,5,4,8,8,1,6,9,8,8,8,4,1,5,7,8,5,1,5,4,5,8,4,9,4,3,1,8,9,8
328:9,5,5,1,3,2,1,5,1,5,8,4,6,5,5,6,3,4,2,5,6,3,7,8,6,2,7,6,6,7
329:8,9,8,2,2,6,5,6,8,7,2,9,9,9,5,6,8,5,8,7,5,7,4,8,1,7,9,8,6,9
330:2,8,7,4,1,9,7,4,6,1,3,8,8,9,4,3,6,9,6,2,3,7,8,1,2,2,9,6,4,7
331:7,8,2,7,2,7,6,9,6,6,4,4,5,4,5,6,9,9,4,7,2,9,8,6,8,1,3,1,7,6
332:7,6,2,1,8,2,2,4,3,9,4,8,2,9,9,3,4,9,6,5,4,7,3,4,7,1,8,4,5,4
333:7,9,7,8,9,8,7,5,1,8,6,9,4,7,2,1,2,9,4,1,8,5,4,5,1,7,2,2,9,1
334:7,8,1,8,8,1,8,7,2,8,3,2,4,7,1,3,5,1,1,9,9,7,6,3,3,7,6,6,6,4
335:7,4,9,7,4,8,6,5,8,8,1,6,1,9,3,3,5,4,5,2,7,5,4,8,9,7,7,8,5,6
336:2,1,4,9,3,9,3,6,8,6,7,5,9,3,9,2,4,7,8,4,3,8,2,7,2,2,2,7,9,6
337:1,3,6,5,3,2,7,6,5,8,2,9,6,7,3,6,2,6,2,4,2,2,2,1,6,6,2,1,2,9
338:7,9,6,9,7,9,2,4,2,5,8,9,5,2,3,8,4,2,1,4,3,9,6,9,8,7,2,9,3,2
339:9,7,6,2,4,2,4,7,3,1,1,5,3,5,3,3,1,7,1,7,5,1,3,9,8,9,9,8,5,4
340:4,1,7,7,8,2,4,8,6,9,4,8,7,8,3,7,9,8,5,8,6,8,5,4,7,6,8,5,9,1
341:3,2,2,6,9,8,9,5,6,9,9,3,8,9,3,7,9,6,5,9,4,4,5,4,3,5,5,5,7,5
342:2,7,7,3,8,7,9,5,3,2,3,3,6,6,7,8,2,3,6,3,4,5,1,5,2,9,4,1,2,4
343:3,3,6,5,5,1,6,2,8,1,3,1,7,7,1,4,1,7,4,8,9,2,3,3,1,1,9,9,3,8
344:5,9,8,2,5,8,3,2,9,2,8,2,5,9,5,6,5,8,8,1,3,8,7,3,6,1,7,6,4,2
345:5,6,9,8,6,7,1,3,3,6,1,6,6,3,1,4,8,9,2,7,4,9,6,2,1,9,4,2,4,7
346:2,5,4,2,3,2,4,5,9,8,9,8,3,1,2,2,2,3,1,9,6,8,5,4,4,1,9,6,6,9
347:5,5,1,8,6,3,1,3,3,7,2,5,6,1,1,6,9,3,1,5,6,1,5,2,1,4,6,9,9,7
348:1,7,6,3,2,4,8,6,3,2,1,4,3,3,1,1,8,5,5,8,6,4,3,2,4,9,6,5,2,1
349:6,6,5,8,7,9,1,6,4,4,3,3,2,7,1,6,6,2,9,2,9,2,7,8,3,8,3,2,7,4
350:7,4,8,8,3,4,2,1,2,4,9,6,5,5,8,5,3,4,5,7,4,5,3,1,2,7,5,8,2,2
351:1,2,8,6,4,8,7,6,5,6,2,4,6,7,7,3,2,7,9,6,4,6,1,4,6,4,9,4,2,6
352:3,1,3,1,5,9,4,9,7,6,9,2,4,6,7,5,5,2,8,9,4,1,7,2,4,2,3,4,6,4
353:4,9,4,3,5,6,8,3,1,2,8,4,7,5,8,9,2,2,3,9,2,5,8,8,7,7,4,8,6,2
354:3,8,9,7,1,7,2,1,4,7,9,6,8,4,2,1,9,9,6,9,6,7,8,1,5,2,5,7,4,6
355:7,2,4,2,1,3,7,2,3,4,2,4,4,9,6,1,3,4,6,6,9,2,3,7,2,2,2,7,2,3
356:2,4,2,1,8,5,5,3,2,2,5,2,5,8,3,8,6,2,3,8,1,4,6,1,3,9,6,9,9,6
357:2,4,1,7,7,3,7,7,3,5,1,3,7,2,3,5,8,6,2,7,8,4,3,4,9,7,8,7,3,3
358:4,5,8,9,4,8,8,4,8,6,3,2,7,8,7,9,9,5,5,9,4,6,3,2,1,5,4,1,3,5
359:7,4,6,4,3,9,2,4,7,5,9,1,7,1,4,8,2,8,5,7,2,4,8,9,7,5,2,7,1,1
360:3,6,7,5,9,6,6,6,7,8,6,9,6,3,1,1,8,8,9,7,8,9,7,4,9,5,3,3,1,3
361:2,2,6,4,5,7,7,1,6,5,5,7,3,4,1,3,5,4,7,7,7,7,7,9,8,8,6,9,4,6
362:5,1,4,3,2,4,9,3,2,6,6,5,8,3,4,2,3,5,9,6,2,6,6,9,8,7,7,6,4,4
363:7,9,6,9,7,9,2,4,2,5,8,9,5,2,3,8,4,2,1,4,3,9,6,9,8,7,2,9,3,1
364:2,8,7,4,1,9,7,4,6,1,3,8,8,9,4,3,6,9,6,2,3,7,8,1,2,2,9,6,4,6
365:7,1,8,2,8,6,2,8,3,9,2,3,5,7,9,7,6,9,4,7,1,9,8,9,2,7,2,3,5,1
366:6,1,2,1,9,8,1,6,1,4,6,9,6,1,3,2,1,2,2,6,5,3,7,4,1,7,2,9,7,5
367:7,9,8,2,5,7,2,5,8,6,8,9,5,7,1,1,1,9,3,2,7,8,7,1,9,3,7,7,2,1
368:3,8,6,9,9,5,6,1,6,5,2,7,5,4,3,5,4,5,2,1,8,3,3,7,4,9,2,1,1,6
369:7,2,8,8,7,8,2,3,1,4,8,7,1,3,5,8,8,8,3,5,2,9,1,3,8,4,9,2,3,5
370:7,5,2,3,5,9,4,7,1,3,4,2,7,7,5,8,2,3,1,6,2,8,5,7,5,2,4,3,4,9
371:6,8,7,4,1,9,7,4,6,1,3,8,8,9,4,3,6,9,6,2,3,7,8,1,2,2,9,6,4,6
372:3,1,8,6,8,1,8,2,6,3,2,9,1,5,6,8,9,8,1,5,2,6,1,2,3,3,8,9,9,8
373:4,3,5,5,9,3,7,3,3,7,1,1,8,5,3,9,5,7,6,8,5,2,6,8,3,8,9,4,7,7
374:3,4,1,1,6,1,3,6,2,4,1,3,7,2,8,5,4,3,8,3,5,6,4,8,3,3,1,9,5,3
375:3,4,9,3,7,9,4,6,6,7,6,5,6,2,1,7,9,5,1,5,9,9,1,7,7,6,2,3,1,1
376:8,1,1,5,7,3,6,8,8,7,3,1,5,9,3,7,6,3,3,7,5,3,4,2,2,7,5,4,7,6
377:3,8,1,3,7,7,2,8,7,7,7,7,1,5,5,5,9,8,7,1,7,5,2,9,6,9,4,1,8,1
378:4,4,5,5,7,9,1,3,4,7,2,9,5,8,8,8,6,9,9,7,4,9,5,4,1,3,2,2,2,1
379:4,5,2,1,3,8,1,9,4,5,9,7,7,6,1,8,3,2,9,3,1,9,2,5,1,3,2,2,6,5
380:3,5,7,9,2,6,7,6,9,4,3,1,4,7,8,7,2,2,2,6,5,3,2,9,3,5,5,6,9,6
381:3,5,8,6,3,6,1,9,5,5,4,8,4,4,5,3,2,3,7,3,9,4,7,5,7,7,1,1,8,1
382:6,4,5,7,3,4,9,1,7,6,6,2,3,6,4,2,2,2,9,3,4,5,4,2,8,9,2,4,8,7
383:4,7,4,8,5,5,5,6,7,6,6,8,6,9,9,8,3,9,8,7,4,6,6,8,5,8,8,2,1,7
384:7,3,1,4,1,6,3,4,2,7,4,8,3,4,4,5,6,5,4,7,9,4,6,3,7,8,1,7,9,3
385:1,2,3,3,3,4,2,5,5,5,9,7,2,7,6,2,4,9,8,9,6,7,5,5,7,3,2,4,7,2
386:2,1,5,5,4,5,3,4,1,6,7,3,5,4,4,6,8,9,8,8,2,8,6,2,5,5,2,4,3,6
387:5,3,4,5,5,6,7,6,7,2,7,4,4,9,6,7,5,5,7,4,3,9,3,7,3,7,3,8,9,7
388:9,6,2,3,6,4,6,5,6,4,9,7,5,6,6,2,9,3,2,4,6,2,5,3,8,6,8,5,8,7
389:5,6,4,5,9,6,8,5,6,2,5,1,9,8,5,1,3,1,5,7,5,4,7,4,5,3,9,5,1,9
390:2,7,6,9,8,3,2,7,8,6,7,3,5,2,1,2,7,9,3,1,4,1,5,7,6,6,8,2,9,4
391:8,4,6,5,8,4,5,5,2,5,2,6,5,8,7,5,4,6,8,1,9,2,5,6,6,8,2,1,5,3
392:4,2,6,1,5,1,2,8,9,9,3,9,5,7,1,7,9,1,6,4,2,9,5,1,1,2,6,6,8,2
393:2,5,4,2,3,2,4,5,9,8,9,8,3,1,2,2,2,3,1,9,6,8,5,4,4,1,9,6,6,4
394:8,2,3,4,2,3,6,7,4,7,9,5,7,3,1,7,8,4,6,4,6,4,3,5,4,8,2,1,5,3
395:3,1,1,8,3,2,4,5,7,3,1,8,3,2,1,5,4,3,7,1,4,5,3,9,8,6,6,3,3,5
396:4,5,9,4,5,8,6,4,6,5,2,1,9,8,6,8,7,1,6,1,7,8,6,9,4,9,5,2,7,4
397:3,2,2,8,3,8,7,2,8,4,2,1,9,7,6,2,1,4,4,6,7,6,2,1,7,2,5,8,6,3
398:9,5,1,9,3,6,3,8,4,6,4,8,3,3,6,2,4,5,8,5,6,5,9,5,7,7,2,7,7,2
399:3,6,9,6,7,5,9,6,1,3,7,3,5,8,7,1,9,1,5,7,9,9,5,2,7,6,4,2,7,4
400:7,7,4,2,6,2,5,1,2,2,9,4,8,4,1,3,8,9,4,5,2,9,9,8,3,2,9,6,5,6
401:7,2,8,8,7,8,2,3,1,4,8,7,1,3,5,8,8,8,3,5,8,9,1,3,8,4,9,2,3,5
402:2,5,6,5,6,4,1,4,7,3,5,4,3,8,3,1,9,9,3,6,7,6,9,3,1,1,7,1,4,5
403:3,5,3,3,9,8,6,5,9,1,6,6,4,6,6,5,4,2,1,8,5,9,4,5,5,6,4,5,8,5
404:3,2,2,1,2,7,9,8,7,9,1,8,3,7,9,8,3,8,4,5,8,5,8,5,6,2,8,7,5,4
405:9,1,5,7,3,7,1,8,5,7,3,5,7,9,8,6,5,6,2,3,7,7,3,8,2,3,4,6,9,5
406:6,6,4,9,7,5,4,6,8,5,2,5,9,2,3,9,5,4,9,1,5,3,8,8,3,4,6,8,8,8
407:3,9,5,6,7,8,6,9,7,7,2,2,9,5,3,3,8,1,8,1,9,1,8,5,1,1,8,8,4,3
408:8,7,5,9,3,9,9,3,1,6,6,4,5,5,8,9,1,2,7,2,7,2,9,8,3,2,5,5,5,7
409:8,8,8,9,4,6,5,6,3,8,6,1,6,5,4,9,6,7,9,8,6,9,7,4,3,3,8,5,3,6
410:1,4,1,8,9,2,1,3,6,2,6,1,7,8,4,9,2,6,3,2,2,8,7,6,2,4,3,9,1,4
411:9,3,5,3,6,1,2,9,6,8,7,2,4,2,5,6,6,7,2,7,6,1,3,2,4,7,7,7,6,8
412:9,7,4,9,3,7,9,2,5,9,3,7,8,4,2,2,5,9,8,1,8,7,2,5,8,3,8,4,2,2
413:5,5,1,3,9,4,5,9,3,2,1,5,1,5,1,5,6,8,5,6,1,8,9,2,7,8,7,5,8,7
414:4,4,3,5,7,7,2,7,2,5,1,5,6,2,6,4,4,9,4,7,1,2,7,3,6,6,9,7,2,9
415:8,3,2,4,7,4,8,5,3,1,5,3,6,5,1,1,3,3,2,4,1,7,2,9,4,3,3,9,5,9
416:2,6,9,7,9,4,5,4,3,4,6,3,7,4,2,8,4,2,8,1,5,1,1,7,7,4,8,4,4,9
417:8,4,8,1,1,1,5,2,2,8,7,4,4,5,2,3,8,1,2,9,5,8,1,1,8,2,5,9,4,7
418:6,4,5,1,2,5,3,1,8,4,5,3,7,8,2,1,1,6,7,6,4,4,6,2,5,9,7,6,3,5
419:5,6,9,8,6,7,1,3,3,6,1,6,6,3,1,4,8,9,2,7,4,9,6,2,1,9,4,2,4,8
420:5,5,1,8,6,3,1,3,3,7,2,5,6,1,1,6,9,3,1,5,6,1,5,2,8,4,6,9,9,7
421:8,4,3,3,7,7,9,5,8,9,7,8,2,9,9,1,5,5,5,5,5,6,6,2,4,8,4,6,4,8
422:8,7,5,9,3,9,9,3,1,6,6,4,5,5,8,9,1,2,7,2,7,6,9,8,3,2,5,5,5,7
423:3,6,1,3,4,2,2,3,6,1,8,6,3,1,7,1,1,3,8,2,4,1,8,2,8,8,7,7,6,1
424:2,1,9,5,5,9,8,1,9,9,5,1,3,3,6,6,9,9,5,8,7,6,8,5,7,4,7,1,5,3
425:3,1,7,7,2,5,6,9,1,8,7,6,5,2,7,4,4,7,6,4,4,4,7,6,9,6,9,3,4,6
426:2,5,9,2,5,9,4,3,3,1,4,8,8,6,1,2,8,8,6,7,8,6,7,2,6,1,4,5,6,7
427:5,6,4,8,6,9,5,9,6,2,4,7,7,5,5,2,7,1,6,5,4,3,7,6,1,4,2,9,3,7
428:4,5,6,6,2,8,9,1,8,6,4,9,4,7,9,8,5,2,3,5,6,1,1,8,1,4,2,4,8,3
429:8,9,8,2,2,6,5,6,8,7,2,9,9,9,5,6,8,5,8,7,5,7,4,8,1,7,9,8,6,1
430:9,7,1,1,1,8,8,9,5,3,5,9,2,5,5,5,4,9,4,5,9,7,5,6,3,3,4,5,2,3
431:8,8,4,9,4,2,4,7,5,8,4,3,2,4,2,3,5,1,8,9,6,5,7,9,5,7,2,9,3,2
432:8,9,6,1,2,3,2,2,4,6,3,8,3,4,7,1,9,8,2,4,6,1,1,9,8,6,8,4,8,8
433:8,1,6,6,8,5,7,7,4,8,1,2,9,8,5,1,3,6,5,6,1,3,6,8,6,3,3,2,6,5
434:5,7,6,4,1,6,3,4,2,8,4,2,3,3,9,7,1,3,5,5,8,4,6,5,8,7,8,9,7,1
435:3,2,6,9,5,3,1,7,2,7,9,5,1,7,2,3,7,5,3,3,3,8,2,3,8,9,6,9,5,2
436:3,6,3,5,1,6,5,6,7,2,2,2,4,1,3,5,6,7,4,1,4,8,5,4,4,8,3,7,1,8
437:5,4,2,9,3,3,4,3,7,8,9,1,2,8,3,1,3,8,2,8,3,7,5,6,2,8,9,6,6,9
438:5,3,5,2,5,7,5,2,4,8,8,8,5,8,6,7,3,3,3,2,7,3,2,7,8,4,3,1,1,9
439:5,6,2,6,7,7,9,7,9,3,1,1,6,5,1,9,5,2,8,4,7,3,4,9,3,1,6,1,2,2
440:3,7,4,5,7,9,6,4,2,5,3,9,6,7,9,9,1,9,9,5,7,1,2,1,2,4,8,9,9,6
441:2,5,9,2,5,9,4,3,3,1,7,8,8,6,1,2,8,8,6,7,8,6,7,2,6,1,4,5,6,7
442:1,1,1,8,5,6,1,4,5,3,4,1,7,8,8,8,9,2,5,4,1,8,8,5,3,4,5,1,2,9
443:6,5,5,9,4,1,4,2,2,5,3,4,9,7,7,6,3,6,4,4,4,8,9,8,6,2,3,5,9,3
444:2,4,1,7,7,3,7,7,3,5,1,3,7,2,3,5,8,6,2,7,8,4,3,4,9,7,8,7,3,7
445:8,3,1,5,6,4,7,9,9,9,3,5,6,7,8,8,1,2,5,7,7,9,7,3,9,6,2,5,1,4
446:6,5,8,8,7,2,2,6,5,3,2,8,4,8,3,8,5,4,8,8,6,1,4,6,2,7,8,4,7,4
447:2,3,8,8,3,7,2,5,4,3,7,2,6,9,8,2,3,5,1,6,5,9,3,9,1,6,1,8,3,7
448:8,3,1,5,6,4,7,9,9,9,3,5,6,7,8,8,1,2,5,7,7,9,7,3,9,6,2,5,1,4
449:7,5,4,5,6,6,3,1,9,6,9,3,6,8,3,5,5,3,2,8,1,8,3,8,3,9,9,9,5,2
450:3,4,7,9,1,4,1,8,4,3,3,4,5,4,3,8,4,6,3,9,9,9,4,7,2,6,1,5,9,6
451:7,6,1,4,7,9,5,9,6,6,6,3,8,3,1,7,7,6,8,6,8,6,3,9,9,9,3,8,1,4
452:4,2,6,1,5,1,2,8,9,9,3,9,5,7,1,7,9,1,6,4,2,9,5,1,1,2,6,6,8,8
453:3,1,7,4,7,1,7,7,9,6,9,7,9,4,6,3,8,2,9,2,1,4,8,9,8,9,2,9,6,7
454:3,2,4,2,7,6,3,5,5,9,9,3,8,3,7,9,9,5,8,4,6,7,9,4,2,5,2,3,2,8
455:1,5,4,7,7,8,9,3,5,3,2,5,3,3,4,8,1,5,9,6,2,8,5,8,6,7,5,6,6,7
456:8,4,6,1,6,8,4,2,3,1,5,2,3,5,8,8,9,7,9,6,9,9,2,1,8,1,9,4,9,3
457:8,1,6,6,8,5,7,7,4,8,1,2,9,8,5,1,3,6,5,6,1,3,6,8,6,3,3,2,6,2
458:2,5,4,2,3,2,4,5,9,3,9,8,3,1,2,2,2,3,1,9,6,8,5,4,4,1,9,6,6,9
459:7,9,6,9,7,9,2,4,2,5,8,9,5,2,3,2,4,2,1,4,3,9,6,9,8,7,2,9,3,1
460:6,6,5,8,7,9,1,6,4,4,3,3,2,7,1,6,6,2,9,2,9,2,7,8,3,8,3,2,7,5
461:9,7,3,4,5,6,3,2,7,4,2,5,4,7,7,1,8,7,7,3,9,9,5,6,5,2,7,1,2,5
462:5,4,2,9,3,3,4,3,7,8,6,1,2,8,3,1,3,8,2,8,3,7,5,6,2,8,9,6,6,8
463:2,4,1,7,7,3,7,7,3,5,1,3,7,2,3,5,8,6,2,7,8,4,3,4,9,7,8,7,3,3
464:6,6,5,3,4,8,5,5,1,7,1,3,3,4,9,6,3,8,7,4,7,9,3,9,4,6,4,9,8,2
465:8,4,3,5,9,4,8,5,6,9,5,4,2,5,4,6,5,2,5,1,4,5,1,4,3,2,1,8,2,5
466:2,1,3,4,9,1,5,5,6,7,7,5,8,7,2,2,9,5,2,6,2,4,7,1,2,7,2,5,9,7
467:1,1,5,2,4,4,1,2,4,3,7,6,9,8,9,4,9,2,6,8,9,9,9,2,2,3,2,2,9,9
468:6,2,2,6,5,6,7,5,8,4,9,6,3,2,8,7,7,3,8,7,4,1,4,1,6,1,9,7,1,9
469:4,1,6,5,2,4,5,7,1,8,3,4,8,1,8,5,4,6,8,2,7,2,1,5,3,3,4,5,5,4
470:7,3,4,5,5,5,5,2,4,8,2,1,4,3,7,1,2,9,4,4,6,8,3,3,4,2,8,4,9,3
471:8,4,3,3,2,7,6,2,8,1,6,7,6,4,9,7,3,2,3,9,3,1,6,9,3,4,3,1,7,7
472:3,3,7,9,7,4,1,1,9,5,1,6,4,9,3,3,6,5,8,2,7,4,5,2,8,9,7,6,1,8
473:5,6,1,7,5,7,7,4,7,7,2,7,4,7,4,3,1,9,6,3,9,8,9,3,5,4,7,9,4,2
474:3,2,1,4,1,9,4,5,4,4,6,4,7,6,8,6,3,8,7,7,5,7,8,4,3,9,3,9,5,2
475:8,4,1,5,3,8,4,1,9,4,7,1,1,5,9,4,5,7,3,4,5,5,7,6,6,4,7,1,3,2
476:5,7,4,4,2,7,3,6,7,8,7,5,8,6,7,7,6,9,3,6,4,6,9,8,1,5,9,4,7,5
477:3,2,8,1,8,1,7,9,9,8,7,5,4,5,9,3,8,8,1,7,7,4,4,5,5,4,2,7,3,8
478:2,3,8,8,3,7,2,5,4,3,7,2,6,9,8,2,3,5,1,6,5,6,3,9,1,6,1,8,3,4
479:2,4,1,1,4,2,4,6,6,3,3,8,6,9,3,1,5,4,9,3,3,5,9,7,6,5,3,1,9,3
480:5,1,4,3,4,2,8,2,7,9,3,8,9,9,7,2,9,2,1,7,1,3,1,2,5,2,5,5,8,5
481:6,6,8,3,1,7,2,7,1,6,5,9,8,7,3,4,2,5,7,8,2,6,4,5,5,3,9,2,4,9
482:4,2,8,9,7,2,9,4,4,3,1,4,1,2,6,1,2,7,5,5,1,5,1,1,5,8,3,9,4,1
483:3,5,7,9,2,6,7,6,9,4,3,1,4,7,8,7,2,2,2,6,5,3,2,9,3,5,5,6,9,3
484:7,6,9,4,4,6,3,8,6,2,6,8,6,5,8,7,2,1,8,9,9,4,4,5,3,8,9,6,9,7
485:4,1,9,4,5,2,4,4,4,3,2,5,9,4,1,9,5,1,7,8,6,6,8,4,4,3,4,3,4,6
486:8,9,1,6,4,1,4,4,9,6,2,1,9,6,9,2,6,8,4,9,7,6,9,3,3,4,3,6,8,6
487:3,8,2,3,9,7,9,1,3,3,2,8,1,4,7,1,4,2,3,7,6,7,6,9,6,5,1,3,6,1
488:9,5,9,3,4,7,5,7,8,9,5,7,9,6,5,1,8,4,3,2,4,1,2,4,7,3,6,9,8,6
489:3,2,1,4,1,9,4,5,4,4,6,4,7,6,8,6,3,8,7,7,5,7,8,4,3,9,3,9,5,7
490:9,7,3,4,5,6,3,2,7,4,2,5,4,7,7,1,8,7,7,3,9,9,5,6,5,2,7,1,2,6
491:9,1,9,2,7,2,2,3,9,1,3,6,5,6,1,5,4,8,5,1,5,7,2,5,8,9,3,1,4,1
492:3,7,8,6,3,4,8,1,7,3,2,7,1,2,7,8,1,3,3,8,2,9,4,4,9,1,2,5,9,8
493:1,6,9,8,7,2,1,6,4,7,5,7,4,8,7,6,4,6,2,5,9,5,6,3,5,5,7,5,1,3
494:2,2,8,4,4,2,6,3,4,6,6,4,5,1,8,6,1,9,6,3,4,3,7,4,2,2,6,3,9,2
495:3,8,7,7,7,1,7,5,3,7,1,5,9,5,6,7,6,6,8,5,4,5,7,6,2,5,6,9,4,1
496:5,5,9,6,7,5,5,6,9,4,9,7,8,7,5,1,1,7,5,9,5,6,4,2,7,1,4,7,2,2
497:9,5,1,6,9,1,9,6,8,7,4,3,8,8,2,2,4,2,4,3,9,9,2,5,1,3,7,3,8,8
498:1,7,3,5,2,9,6,7,6,6,1,3,9,7,7,8,2,8,4,9,6,4,6,6,2,7,2,5,7,1
499:6,6,1,4,1,3,1,4,1,8,7,5,6,7,2,7,6,8,3,9,8,8,8,8,9,6,1,3,6,1
500:4,4,8,1,6,1,8,7,3,1,3,5,5,7,2,9,6,4,2,1,9,3,5,9,5,7,8,6,8,2